1.7400000e+02 1.0000000e+00
1.7700000e+02 1.0000000e+00
1.8400000e+02 1.0000000e+00
1.8800000e+02 1.0000000e+00
1.9200000e+02 1.0000000e+00
1.9600000e+02 1.0000000e+00
2.0100000e+02 1.0000000e+00
2.0600000e+02 1.0000000e+00
2.1300000e+02 1.0000000e+00
2.1800000e+02 1.0000000e+00
2.2300000e+02 1.0000000e+00
2.2800000e+02 1.0000000e+00
2.3300000e+02 1.0000000e+00
2.3800000e+02 1.0000000e+00
2.4300000e+02 1.0000000e+00
2.5000000e+02 2.0000000e+00
2.5500000e+02 2.0000000e+00
2.6200000e+02 3.0000000e+00
2.7100000e+02 3.0000000e+00
2.7700000e+02 4.0000000e+00
2.8700000e+02 5.0000000e+00
2.9400000e+02 7.0000000e+00
3.0200000e+02 8.0000000e+00
3.0700000e+02 1.0000000e+01
3.1600000e+02 1.2000000e+01
3.2200000e+02 1.4000000e+01
3.3100000e+02 1.8000000e+01
3.3800000e+02 2.2000000e+01
3.4900000e+02 2.8000000e+01
3.5800000e+02 3.5000000e+01
3.6700000e+02 4.3000000e+01
3.7300000e+02 5.0000000e+01
3.7800000e+02 5.8000000e+01
3.8600000e+02 6.8000000e+01
3.9200000e+02 7.9000000e+01
4.0000000e+02 9.4000000e+01
4.0700000e+02 1.1200000e+02
4.1500000e+02 1.3300000e+02
4.2200000e+02 1.5900000e+02
4.3000000e+02 1.8500000e+02
4.3800000e+02 2.2200000e+02
4.4800000e+02 2.7700000e+02
4.5900000e+02 3.5100000e+02
4.6600000e+02 4.0700000e+02
4.7400000e+02 4.8200000e+02
4.8100000e+02 5.4900000e+02
4.8900000e+02 6.4200000e+02
4.9500000e+02 7.4100000e+02
5.0200000e+02 8.5500000e+02
5.1000000e+02 1.0190000e+03
5.1800000e+02 1.2220000e+03
5.2600000e+02 1.4150000e+03
5.3600000e+02 1.7140000e+03
5.4400000e+02 2.0040000e+03
5.5100000e+02 2.3010000e+03
5.5900000e+02 2.6270000e+03
5.6400000e+02 2.9650000e+03
5.7300000e+02 3.4770000e+03
5.8200000e+02 3.9590000e+03
5.8900000e+02 4.5600000e+03
5.9800000e+02 5.1250000e+03
6.0400000e+02 5.9790000e+03
6.1300000e+02 6.9360000e+03
6.2100000e+02 7.7690000e+03
6.2800000e+02 8.6420000e+03
6.3500000e+02 9.8970000e+03
6.4400000e+02 1.1127000e+04
6.5000000e+02 1.2494000e+04
6.5900000e+02 1.4493000e+04
6.6800000e+02 1.6396000e+04
6.7500000e+02 1.8226000e+04
6.8300000e+02 1.9919000e+04
6.9000000e+02 2.2561000e+04
6.9800000e+02 2.4673000e+04
7.0600000e+02 2.7338000e+04
7.1400000e+02 2.9985000e+04
7.2100000e+02 3.3312000e+04
7.2900000e+02 3.6440000e+04
7.3700000e+02 3.9957000e+04
7.4400000e+02 4.3437000e+04
7.5200000e+02 4.7364000e+04
7.6000000e+02 5.1304000e+04
7.6800000e+02 5.5924000e+04
7.7500000e+02 6.0021000e+04
7.8400000e+02 6.3793000e+04
7.9000000e+02 7.0868000e+04
7.9900000e+02 7.3634000e+04
8.0600000e+02 8.0588000e+04
8.1500000e+02 8.4828000e+04
8.2200000e+02 9.1627000e+04
8.3000000e+02 9.7371000e+04
8.3700000e+02 1.0515800e+05
8.4600000e+02 1.1078300e+05
8.5300000e+02 1.1956300e+05
8.6100000e+02 1.2683000e+05
8.6800000e+02 1.3465400e+05
8.7700000e+02 1.4171800e+05
8.8500000e+02 1.5314700e+05
8.9300000e+02 1.6150200e+05
9.0000000e+02 1.6919900e+05
9.0800000e+02 1.7975000e+05
9.1500000e+02 1.8693300e+05
9.2400000e+02 1.9751700e+05
9.3100000e+02 2.0460200e+05
9.4000000e+02 2.1583100e+05
9.4700000e+02 2.2394100e+05
9.5500000e+02 2.3383900e+05
9.6300000e+02 2.4278700e+05
9.7100000e+02 2.5468600e+05
9.7700000e+02 2.6313700e+05
9.8600000e+02 2.7295800e+05
1.0010000e+03 2.8023100e+05
